name ACC_neuron AMY_neuron CBC_H3K27ac CN CP DLPFC_neuron DN FB1 GA GZ H3K27ac HIPP_neuron INS_neuron IPS ITC_neuron MDT_neuron NAC_neuron NSC OFC_neuron Organoid_0 Organoid_11 Organoid_30 PEC_enhancers PEC_OCR PFC_H3K27ac PMC_neuron PUT_neuron PVC_neuron STC_neuron TC_H3K27ac VLPFC_neuron
ACC_neuron 1   0.121062  0.546219 0.103849 0.168177    0.408787 0.51673  0.542964  0.182759 0.124153 0.542193     0.203082  0.541698 0.223161 0.390595 0.543429  0.533888
AMY_neuron 0.313353 1 0.0760716 0.0771758 0.00864994 0.304607 0.0602375 0.0935245 0.0521876 0.00789457 0.0443772 0.322285 0.323463 0.0421078 0.335274 0.166326 0.171956 0.0813299 0.296209 0.00697124 0.00585212 0.0084052  0.137743 0.0668281 0.284248 0.173498 0.294424 0.307381 0.0659227 0.285465
CBC_H3K27ac 0.0961917  1 0.0953966 0.0122652 0.0926966 0.0886338 0.100028 0.0815611 0.0125064 0.0941356 0.0980354 0.0841416 0.0676294 0.088982 0.0899924 0.0596781 0.0929924 0.0979112 0.0150668 0.0137247 0.0112598  0.0806417 0.172631 0.0893297 0.0766545 0.081295 0.0999344 0.179116 0.0957175
CN 0.121062   1   0.435332 0.195017    0.126517 0.104208  0.109255   0.628303 0.137003     0.142317    0.0899106 0.136208  0.134018
CP 0.015025   0.0247465 1 0.0153517 0.0283472 0.0266019 0.0286191 0.469432  0.015939 0.0135406 0.0265345 0.0142282 0.0136543 0.012388 0.0231841 0.0168257 0.135089 0.0888957 0.152784  0.0148683 0.016694 0.0167446 0.0169552 0.0119134 0.0161547 0.0166323 0.0171758
DLPFC_neuron 0.546219   0.122338  1 0.104934 0.163766 0.0901436   0.396676 0.520842 0.0716095 0.542725  0.18401 0.124817 0.567703  0.0109017   0.209499 0.103854 0.554247 0.228312 0.406368 0.567438 0.101607 0.563698
DN 0.103849   0.435332   1 0.215073    0.111732 0.0882381  0.0931453   0.373851 0.119526     0.132288    0.0728278 0.11576  0.119123
FB1 0.168177       1    0.166177 0.147499  0.15395   0.17856 0.178941     0.149417    0.111972 0.175052  0.178805
GA 0.0890913   0.385651  0.0901436 0.555998 0.195825 1   0.0975111 0.0754809 0.2448 0.0799068  0.0641856 0.329559 0.103085     0.112663  0.0947405 0.101139 0.0626953 0.0998828  0.10252
GZ 0.01389   0.0273461 0.469432 0.0143365 0.0333774 0.0277378 0.0343636 1  0.0151615 0.01253 0.0306499 0.0131688 0.0133005 0.0121981 0.0252611 0.0160071 0.122664 0.0934509 0.130087  0.0149729 0.0180235 0.0157821 0.0170117 0.0108769 0.0152357 0.0180903 0.0163954
H3K27ac 0.072911  0.0941356 0.216933 0.0277942 0.0721399 0.231397 0.170156 0.239453 0.0334419 1 0.0761198 0.0596526 0.197161 0.0643397 0.0732738 0.0493691 0.192168 0.081768 0.0314616 0.0438624 0.016027  0.0753279 0.115592 0.0735849 0.0774836 0.0533955 0.0809032 0.111494 0.0806352
HIPP_neuron 0.408787       0.166177    1 0.385189  0.406586   0.127927 0.407579     0.181862    0.2929 0.404638  0.399286
INS_neuron 0.51673   0.104208  0.520842 0.0882381 0.147499    0.385189 1  0.527897  0.180388 0.106728 0.500255     0.193662  0.499984 0.208534 0.385893 0.503018  0.493941
IPS 0.0694575   0.246894  0.0716095 0.249509 0.121089    0.0717478 0.0591034 1 0.0619439  0.0463389 0.236892 0.0813286     0.0872151  0.0732725 0.0796036 0.0515288 0.0806152  0.081187
ITC_neuron 0.542964   0.109255  0.542725 0.0931453 0.15395    0.406586 0.527897  1  0.184408 0.112648 0.537187     0.191053  0.539644 0.217489 0.406314 0.536306  0.522696
MDT_neuron 0.209933  0.0899924 0.127138 0.0136543 0.208956 0.101796 0.112239 0.0874687 0.0133005 0.0732738 0.190893 0.198993 0.0763677 0.199866 1 0.122696 0.128963 0.210987 0.0109557 0.0113591 0.0107952  0.122702 0.0790932 0.200324 0.161978 0.190416 0.216384 0.0779361 0.208503
NAC_neuron 0.182759   0.078142  0.18401 0.0727908 0.0896524 0.0641856   0.187127 0.180388 0.0463389 0.184408  1 0.0818824 0.178045  0.0100813   0.0925994 0.0594009 0.18295 0.504353 0.15921 0.177732 0.05904 0.176722
NSC 0.124153   0.628303    0.17856    0.127927 0.106728  0.112648   1 0.138923     0.139768    0.0944172 0.139259  0.135402
OFC_neuron 0.542193   0.137003  0.567703 0.119526 0.178941 0.103085   0.407579 0.500255 0.0813286 0.537187  0.178045 0.138923 1  0.0123024   0.21537  0.565759 0.233686 0.381968 0.589933  0.594767
Organoid_0 0.0101426   0.0217573 0.135089 0.0102449 0.0211436 0.0178477 0.0211277 0.122664  0.0112062 0.00940711 0.0222829 0.00923115  0.00867592 0.0211082 0.0109293 1 0.117067 0.266077  0.0137656 0.0158361 0.0100544 0.0111601 0.00752959 0.0108962 0.0156542 0.0109551
Organoid_11 0.0106307   0.0276095  0.0109017 0.0345518 0.0236694 0.0365488   0.0116998 0.00955701 0.0390361 0.00963079  0.0100813 0.0253311 0.0123024  1   0.0140875  0.0119182 0.0140516 0.00755233 0.0116326  0.0125082
Organoid_30 0.0108383   0.016068 0.152784 0.0107821 0.0142266 0.0136127 0.0134033 0.130087  0.0114026 0.0101747 0.0135567 0.0101468  0.00873094 0.016151 0.0111165 0.266077 0.0991239 1  0.0119926 0.0107588 0.0104839 0.0105944 0.00895658 0.0112292 0.0107227 0.011017
PEC_enhancers 0.0718462 0.0536809 0.0699025 0.040936 0.00510597 0.0724178 0.0420668 0.0531793 0.0368843 0.00506912 0.0382001 0.0621343 0.0672064 0.0233369 0.0668162 0.039404 0.0334965 0.0381951 0.0712883 0.00612878 0.00493773 0.00485946 1 0.0877222 0.059994 0.0665565 0.035395 0.0629963 0.0719146 0.057805 0.0714978
PEC_OCR                        1       
PFC_H3K27ac 0.103844  0.172631 0.118502 0.016694 0.103854 0.1272 0.115853 0.116035 0.0180235 0.115592 0.0984693 0.0897437 0.0891835 0.0958437 0.0790932 0.0594009 0.112356 0.112638 0.0158361 0.0188447 0.0107588  0.123124 1 0.10489 0.079223 0.0806924 0.111389 0.50298 0.112919
PMC_neuron 0.541698   0.12322  0.554247 0.110449 0.173002 0.0947405   0.39952 0.499984 0.0732725 0.539644  0.18295 0.125263 0.565759  0.0119182   0.20229  1 0.22992 0.381969 0.553163  0.561346
PUT_neuron 0.223161   0.124942  0.228312 0.113629 0.124428 0.101139   0.22815 0.208534 0.0796036 0.217489  0.504353 0.128615 0.233686  0.0140516   0.11909 0.079223 0.22992 1 0.179769 0.234037 0.0790449 0.231139
PVC_neuron 0.390595       0.111972    0.2929 0.385893  0.406314   0.0944172 0.381968     0.158868    1 0.398644  0.375
STC_neuron 0.543429   0.136208  0.567438 0.11576 0.175052 0.0998828   0.404638 0.503018 0.0806152 0.536306  0.177732 0.139259 0.589933  0.0116326   0.219558  0.553163 0.234037 0.398644 1  0.586569
TC_H3K27ac 0.101306  0.179116 0.116564 0.0166323 0.101607 0.125586 0.112154 0.11503 0.0180903 0.111494 0.0966 0.0877119 0.0885981 0.0939942 0.0779361 0.05904 0.110834 0.110199 0.0156542 0.0186895 0.0107227  0.120125 0.50298 0.102661 0.0790449 0.0796482 0.10919 1 0.110744
VLPFC_neuron 0.533888   0.134018  0.563698 0.119123 0.178805 0.10252   0.399286 0.493941 0.081187 0.522696  0.176722 0.135402 0.594767  0.0125082   0.214853  0.561346 0.231139 0.375 0.586569  1
