name ACC_neuron AMY_neuron CBC_H3K27ac CN CP DLPFC_neuron DN encode3_cCRE encode3_chiapet encode3_dhs_footprints encode3_dhs_peaks encode3_rad21 encode3_tfbinding FB1 GA GZ H3K27ac HIPP_neuron INS_neuron IPS ITC_neuron MDT_neuron NAC_neuron NSC OFC_neuron Organoid_0 Organoid_11 Organoid_30 PEC_enhancers PEC_OCR PFC_H3K27ac PMC_neuron PUT_neuron PVC_neuron STC_neuron TC_H3K27ac VLPFC_neuron
ACC_neuron 1   0.121062  0.546219 0.103849 0.0555008  0.0394349 0.0306926 0.0318524  0.168177    0.408787 0.51673  0.542964  0.182759 0.124153 0.542193     0.203082  0.541698 0.223161 0.390595 0.543429  0.533888
AMY_neuron 0.313353 1 0.0760716 0.0771758 0.00864994 0.304607 0.0602375 0.0309767 0.0303499 0.0206231 0.0156566 0.0170832 0.00674959 0.0935245 0.0521876 0.00789457 0.0443772 0.322285 0.323463 0.0421078 0.335274 0.166326 0.171956 0.0813299 0.296209 0.00697124 0.00585212 0.0084052  0.137743 0.0668281 0.284248 0.173498 0.294424 0.307381 0.0659227 0.285465
CBC_H3K27ac 0.0961917  1 0.0953966 0.0122652 0.0926966 0.0886338 0.0575803  0.0422907 0.0341788 0.035824 0.0155881 0.100028 0.0815611 0.0125064 0.0941356 0.0980354 0.0841416 0.0676294 0.088982 0.0899924 0.0596781 0.0929924 0.0979112 0.0150668 0.0137247 0.0112598  0.0806417 0.172631 0.0893297 0.0766545 0.081295 0.0999344 0.179116 0.0957175
CN 0.121062   1   0.435332   0.118658 0.0943124 0.102058  0.195017    0.126517 0.104208  0.109255   0.628303 0.137003     0.142317    0.0899106 0.136208  0.134018
CP 0.015025   0.0247465 1 0.0153517 0.0283472 0.0274805  0.0298257 0.0298281 0.0292841 0.125163 0.0266019 0.0286191 0.469432  0.015939 0.0135406 0.0265345 0.0142282 0.0136543 0.012388 0.0231841 0.0168257 0.135089 0.0888957 0.152784  0.0148683 0.016694 0.0167446 0.0169552 0.0119134 0.0161547 0.0166323 0.0171758
DLPFC_neuron 0.546219   0.122338  1 0.104934 0.0572149  0.0403732 0.0315402 0.0332772  0.163766 0.0901436   0.396676 0.520842 0.0716095 0.542725  0.18401 0.124817 0.567703  0.0109017   0.209499 0.103854 0.554247 0.228312 0.406368 0.567438 0.101607 0.563698
DN 0.103849   0.435332   1 0.197237  0.182491 0.150176 0.141216  0.215073    0.111732 0.0882381  0.0931453   0.373851 0.119526     0.132288    0.0728278 0.11576  0.119123
encode3_cCRE 0.0555008   0.146338  0.0572149 0.197237 1  0.327081 0.29772 0.212343  0.128733    0.0587558 0.0481691  0.0504017   0.137836 0.0645845     0.0765866    0.0389974 0.0622866  0.0656479
encode3_chiapet 0.0537932 0.0303499 0.054173 0.132721 0.0260213 0.0564219 0.142214 0.154902 1 0.136762 0.126001 0.343526 0.0422963 0.0899188 0.139175 0.0303639 0.169818 0.05412 0.0464626 0.174614 0.0484552 0.0546925 0.0373289 0.122517 0.0622771 0.0217149 0.0398261 0.0125675  0.0589756 0.0692928 0.0571941 0.0624327 0.0403111 0.0611458 0.0670836 0.0626421
encode3_dhs_footprints 0.0394349          0.554461 0.260149  0.107253    0.0425638 0.0337033  0.035678   0.107291 0.0466128     0.0511685    0.0268094 0.0443104  0.0477367
encode3_dhs_peaks 0.0306926         0.554461 1 0.274206  0.0893134    0.033334 0.0262541  0.0278788   0.0842171 0.0365727     0.0390881    0.0206575 0.0345539  0.0376862
encode3_rad21 0.0318524   0.102058      0.260149 0.274206 1  0.0672146    0.0333394 0.0270555  0.0286771   0.0943767 0.0377963     0.0402821    0.0229006 0.0363402  0.0386789
encode3_tfbinding 0.0118152   0.0281022  0.0121569 0.0345337 0.0455109  0.0489198 0.0506678 0.0520576 1 0.0241711 0.035671   0.0128534 0.0106025 0.0387505 0.0107306  0.011009 0.0262621 0.0134115 0.0963503 0.079402   0.0151107 0.0212978 0.0128873 0.0151614 0.00824423 0.0128716 0.021106 0.0136511
FB1 0.168177         0.107253 0.0893134 0.0672146  1    0.166177 0.147499  0.15395   0.17856 0.178941     0.149417    0.111972 0.175052  0.178805
GA 0.0890913   0.385651  0.0901436 0.555998 0.194592  0.189131 0.159861 0.141958  0.195825 1   0.0975111 0.0754809 0.2448 0.0799068  0.0641856 0.329559 0.103085     0.112663  0.0947405 0.101139 0.0626953 0.0998828  0.10252
GZ 0.01389   0.0273461 0.469432 0.0143365 0.0333774 0.0333437  0.0377578 0.0383276 0.0370144 0.123868 0.0277378 0.0343636 1  0.0151615 0.01253 0.0306499 0.0131688 0.0133005 0.0121981 0.0252611 0.0160071 0.122664 0.0934509 0.130087  0.0149729 0.0180235 0.0157821 0.0170117 0.0108769 0.0152357 0.0180903 0.0163954
H3K27ac 0.072911  0.0941356 0.216933 0.0277942 0.0721399 0.231397 0.16384  0.149162 0.135496 0.146303 0.0427398 0.170156 0.239453 0.0334419 1 0.0761198 0.0596526 0.197161 0.0643397 0.0732738 0.0493691 0.192168 0.081768 0.0314616 0.0438624 0.016027  0.0753279 0.115592 0.0735849 0.0774836 0.0533955 0.0809032 0.111494 0.0806352
HIPP_neuron 0.408787         0.0425638 0.033334 0.0333394  0.166177    1 0.385189  0.406586   0.127927 0.407579     0.181862    0.2929 0.404638  0.399286
INS_neuron 0.51673   0.104208  0.520842 0.0882381 0.0481691  0.0337033 0.0262541 0.0270555  0.147499    0.385189 1  0.527897  0.180388 0.106728 0.500255     0.193662  0.499984 0.208534 0.385893 0.503018  0.493941
IPS 0.0694575   0.246894  0.0716095 0.249509 0.190798  0.184961 0.158789 0.182686  0.121089    0.0717478 0.0591034 1 0.0619439  0.0463389 0.236892 0.0813286     0.0872151  0.0732725 0.0796036 0.0515288 0.0806152  0.081187
ITC_neuron 0.542964   0.109255  0.542725 0.0931453 0.0504017  0.035678 0.0278788 0.0286771  0.15395    0.406586 0.527897  1  0.184408 0.112648 0.537187     0.191053  0.539644 0.217489 0.406314 0.536306  0.522696
MDT_neuron 0.209933  0.0899924 0.127138 0.0136543 0.208956 0.101796 0.0527944  0.0381029 0.0300875 0.0323872 0.0126719 0.112239 0.0874687 0.0133005 0.0732738 0.190893 0.198993 0.0763677 0.199866 1 0.122696 0.128963 0.210987 0.0109557 0.0113591 0.0107952  0.122702 0.0790932 0.200324 0.161978 0.190416 0.216384 0.0779361 0.208503
NAC_neuron 0.182759   0.078142  0.18401 0.0727908 0.044113  0.031019 0.0251878 0.0249305  0.0896524 0.0641856   0.187127 0.180388 0.0463389 0.184408  1 0.0818824 0.178045  0.0100813   0.0925994 0.0594009 0.18295 0.504353 0.15921 0.177732 0.05904 0.176722
NSC 0.124153   0.628303      0.107291 0.0842171 0.0943767  0.17856    0.127927 0.106728  0.112648   1 0.138923     0.139768    0.0944172 0.139259  0.135402
OFC_neuron 0.542193   0.137003  0.567703 0.119526 0.0645845  0.0466128 0.0365727 0.0377963  0.178941 0.103085   0.407579 0.500255 0.0813286 0.537187  0.178045 0.138923 1  0.0123024   0.21537  0.565759 0.233686 0.381968 0.589933  0.594767
Organoid_0 0.0101426   0.0217573 0.135089 0.0102449 0.0211436 0.0213037  0.0204447 0.0207424 0.0215159 0.0963503 0.0178477 0.0211277 0.122664  0.0112062 0.00940711 0.0222829 0.00923115  0.00867592 0.0211082 0.0109293 1 0.117067 0.266077  0.0137656 0.0158361 0.0100544 0.0111601 0.00752959 0.0108962 0.0156542 0.0109551
Organoid_11 0.0106307   0.0276095  0.0109017 0.0345518 0.0446257  0.05369 0.0581607 0.055108  0.0236694 0.0365488   0.0116998 0.00955701 0.0390361 0.00963079  0.0100813 0.0253311 0.0123024  1   0.0140875  0.0119182 0.0140516 0.00755233 0.0116326  0.0125082
Organoid_30 0.0108383   0.016068 0.152784 0.0107821 0.0142266 0.0120192  0.0112223 0.0109886 0.012087 0.0832972 0.0136127 0.0134033 0.130087  0.0114026 0.0101747 0.0135567 0.0101468  0.00873094 0.016151 0.0111165 0.266077 0.0991239 1  0.0119926 0.0107588 0.0104839 0.0105944 0.00895658 0.0112292 0.0107227 0.011017
PEC_enhancers 0.0718462 0.0536809 0.0699025 0.040936 0.00510597 0.0724178 0.0420668 0.022945 0.0194383 0.0155733 0.012131 0.0132037 0.00598685 0.0531793 0.0368843 0.00506912 0.0382001 0.0621343 0.0672064 0.0233369 0.0668162 0.039404 0.0334965 0.0381951 0.0712883 0.00612878 0.00493773 0.00485946 1 0.0877222 0.059994 0.0665565 0.035395 0.0629963 0.0719146 0.057805 0.0714978
PEC_OCR          0.0511685                    1       
PFC_H3K27ac 0.103844  0.172631 0.118502 0.016694 0.103854 0.1272 0.0911094  0.0688752 0.0567801 0.0581377 0.0212978 0.115853 0.116035 0.0180235 0.115592 0.0984693 0.0897437 0.0891835 0.0958437 0.0790932 0.0594009 0.112356 0.112638 0.0158361 0.0188447 0.0107588  0.123124 1 0.10489 0.079223 0.0806924 0.111389 0.50298 0.112919
PMC_neuron 0.541698   0.12322  0.554247 0.110449 0.0613782  0.0448774 0.035506 0.0357572  0.173002 0.0947405   0.39952 0.499984 0.0732725 0.539644  0.18295 0.125263 0.565759  0.0119182   0.20229  1 0.22992 0.381969 0.553163  0.561346
PUT_neuron 0.223161   0.124942  0.228312 0.113629 0.0665639  0.0480155 0.0388154 0.0400389  0.124428 0.101139   0.22815 0.208534 0.0796036 0.217489  0.504353 0.128615 0.233686  0.0140516   0.11909 0.079223 0.22992 1 0.179769 0.234037 0.0790449 0.231139
PVC_neuron 0.390595         0.0268094 0.0206575   0.111972    0.2929 0.385893  0.406314   0.0944172 0.381968     0.158868    1 0.398644  0.375
STC_neuron 0.543429   0.136208  0.567438 0.11576 0.0622866  0.0443104 0.0345539 0.0363402  0.175052 0.0998828   0.404638 0.503018 0.0806152 0.536306  0.177732 0.139259 0.589933  0.0116326   0.219558  0.553163 0.234037 0.398644 1  0.586569
TC_H3K27ac 0.101306  0.179116 0.116564 0.0166323 0.101607 0.125586 0.0901471  0.0687693 0.056956 0.0574466 0.021106 0.112154 0.11503 0.0180903 0.111494 0.0966 0.0877119 0.0885981 0.0939942 0.0779361 0.05904 0.110834 0.110199 0.0156542 0.0186895 0.0107227  0.120125 0.50298 0.102661 0.0790449 0.0796482 0.10919 1 0.110744
VLPFC_neuron 0.533888   0.134018  0.563698 0.119123 0.0656479  0.0477367 0.0376862 0.0386789  0.178805 0.10252   0.399286 0.493941 0.081187 0.522696  0.176722 0.135402 0.594767  0.0125082   0.214853  0.561346 0.231139 0.375 0.586569  1
